Multiple size <= 100
TEST 1 ARG:38 10 91 36 25 97 34 98 67 32 40 58 59 17 76 42 13 21 99 2 20 43 70 80 22 90 66 5 35 3 41 15 52 89 61 53 60 56 1 30 44 0 96 48 74 73 84 79 55 16 9 14 28 45 4 26 29 64 7 6 77 31 87 8 68 49 93 85 78 46 57 27 88 12 82 63 37 18 62 72 65 33 19 39 47 51 54 94 71 23 11 75 24 50 86 95 69 83 92 81
TEST 2 ARG:40 54 20 83 69 44 28 51 19 38 30 68 47 73 41 26 6 76 27 59 79 12 2 57 63 45 53 22 60 80 77 62 24 42 49 71 99 74 31 43 96 78 32 4 25 39 14 66 72 64 5 23 16 48 84 18 95 55 75 9 81 92 86 15 89 1 56 37 7 33 17 0 65 67 82 61 98 58 50 10 70 94 93 13 8 97 52 34 91 3 90 11 88 46 35 29 87 85 21 36
TEST 3 ARG:5 32 38 74 44 71 61 87 72 63 26 92 18 52 42 58 93 14 96 1 25 54 23 83 19 78 40 59 3 81 77 20 76 7 13 79 56 11 28 0 35 45 98 86 34 36 24 75 37 16 41 9 46 31 66 99 10 6 4 68 2 95 60 70 51 84 43 57 73 30 49 12 91 65 94 53 64 55 21 39 22 17 69 62 50 33 88 67 82 48 15 80 97 90 85 47 27 89 8 29
TEST 4 ARG:68 20 36 15 66 64 80 42 60 44 98 25 10 0 84 56 9 34 90 75 24 92 23 97 5 96 11 76 72 4 19 53 12 77 81 30 93 38 13 35 26 14 79 18 7 47 89 83 63 33 17 82 74 51 2 16 87 85 58 8 37 88 54 57 52 55 31 29 71 49 99 1 62 39 32 6 48 28 43 70 65 67 73 95 69 41 91 27 86 46 78 50 22 40 3 45 94 21 61 59
TEST 5 ARG:0 76 8 31 42 35 32 65 1 88 56 22 33 90 70 58 82 79 13 48 87 4 46 17 15 50 9 14 83 5 39 54 11 60 85 18 37 69 7 62 6 71 12 74 40 73 96 95 47 97 81 84 99 25 67 68 41 28 3 92 38 49 44 19 64 30 61 21 29 53 78 45 10 75 98 77 94 20 24 89 57 63 72 86 93 66 55 43 16 26 2 91 51 27 34 80 52 23 59 36
TEST 6 ARG:26 67 96 46 49 48 15 59 86 45 50 83 1 9 62 47 38 11 30 18 77 34 16 90 81 65 74 55 4 29 3 37 61 10 6 93 2 12 80 97 98 94 54 28 53 79 17 36 75 14 66 56 63 5 57 91 82 0 78 43 25 42 20 72 89 27 88 99 92 73 87 60 69 85 24 76 58 22 19 23 33 84 41 40 68 13 35 64 8 7 31 51 44 95 52 32 71 21 70 39
TEST 7 ARG:55 22 25 75 38 33 37 10 94 80 13 77 98 23 68 47 50 21 71 9 79 36 30 67 85 32 51 82 18 62 29 53 20 69 63 57 93 16 34 44 15 43 54 3 45 14 26 64 91 60 35 84 90 78 73 2 88 61 65 95 86 12 19 99 42 31 87 8 0 4 56 41 11 7 49 24 6 1 5 58 27 76 83 92 66 59 40 39 52 28 70 17 48 81 74 89 72 96 46 97
TEST 8 ARG:13 48 46 71 95 22 50 5 36 59 53 51 60 27 4 29 90 10 68 57 20 23 1 97 44 31 66 6 8 58 65 40 88 80 45 26 92 81 98 39 38 11 77 86 2 55 56 87 79 78 64 82 63 70 21 24 83 84 28 91 69 35 32 12 89 54 3 14 47 52 17 76 41 96 16 74 15 67 93 9 34 0 18 99 61 7 25 33 75 19 43 49 94 42 30 37 62 72 85 73
TEST 9 ARG:39 59 99 67 94 81 43 93 44 8 16 70 29 27 25 47 56 49 55 40 34 95 91 80 32 69 6 37 1 54 24 19 48 2 15 63 57 18 45 83 97 79 33 31 0 98 7 89 11 5 4 66 96 65 62 82 42 13 58 73 20 84 26 92 17 68 53 22 23 28 3 76 10 9 85 41 35 52 90 60 78 51 14 30 72 50 77 88 86 87 64 21 12 46 61 71 74 75 36 38
TEST 10 ARG:32 18 56 54 20 46 47 28 29 49 48 23 31 79 76 4 72 87 30 93 78 6 65 91 80 85 42 64 97 3 41 75 0 89 69 8 92 77 16 55 45 60 21 51 10 68 1 7 25 59 95 17 22 66 44 34 94 9 14 12 99 13 11 53 82 62 43 39 19 83 33 35 24 70 71 5 63 15 61 81 74 38 52 2 96 86 90 57 58 36 40 84 27 98 50 67 26 88 73 37
